00
00
00
00
00
00
00
00
00
00
00
00
00
00
00
00
00
00
00
00
00
00
00
00
00
00
00
00
00
00
00
00
00
00
00
00
00
00
00
00
00
00
00
00
00
00
00
00
00
00
00
00
00
00
00
00
00
00
00
00
00
00
00
00
00
00
00
00
00
00
00
00
00
00
01
01
01
01
01
01
01
01
01
01
01
01
01
01
01
01
01
01
02
02
02
02
02
02
02
02
02
02
03
03
03
03
03
03
03
04
04
04
04
04
05
05
05
05
05
06
06
06
06
07
07
07
08
08
08
08
09
09
09
0A
0A
0B
0B
0B
0C
0C
0D
0D
0E
0E
0F
0F
10
10
11
11
12
13
13
14
14
15
16
17
17
18
19
1A
1A
1B
1C
1D
1E
1F
20
21
22
23
24
25
26
27
28
29
2A
2B
2D
2E
2F
31
32
33
35
36
38
39
3B
3C
3E
3F
41
43
44
46
48
4A
4C
4E
50
52
54
56
58
5A
5C
5E
61
63
65
68
6A
6D
6F
72
74
77
7A
7D
80
82
85
88
8B
8F
92
95
98
9C
9F
A2
A6
AA
AD
B1
B5
B8
BC
C0
C4
C8
CD
D1
D5
D9
DE
E2
E7
EC
F0
F5
FA
FF

